First Test
- Delay -
active: false
- Duration - 
lowMin: 50.0
lowMax: 50.0
- Count - 
min: 5
max: 15
- Emission - 
lowMin: 0.0
lowMax: 0.0
highMin: 250.0
highMax: 250.0
relative: false
scalingCount: 5
scaling0: 0.42696628
scaling1: 0.76404494
scaling2: 0.9269663
scaling3: 0.8202247
scaling4: 0.07865169
timelineCount: 5
timeline0: 0.0
timeline1: 0.19809523
timeline2: 0.31809524
timeline3: 0.70666665
timeline4: 0.8933333
- Life - 
lowMin: 0.0
lowMax: 0.0
highMin: 300.0
highMax: 750.0
relative: false
scalingCount: 3
scaling0: 1.0
scaling1: 1.0
scaling2: 0.3
timelineCount: 3
timeline0: 0.0
timeline1: 0.66
timeline2: 1.0
- Life Offset - 
active: false
- X Offset - 
active: false
- Y Offset - 
active: false
- Spawn Shape - 
shape: point
- Spawn Width - 
lowMin: 0.0
lowMax: 0.0
highMin: 13.0
highMax: 13.0
relative: false
scalingCount: 1
scaling0: 1.0
timelineCount: 1
timeline0: 0.0
- Spawn Height - 
lowMin: 0.0
lowMax: 0.0
highMin: 7.0
highMax: 7.0
relative: false
scalingCount: 1
scaling0: 1.0
timelineCount: 1
timeline0: 0.0
- Scale - 
lowMin: 0.0
lowMax: 0.0
highMin: 16.0
highMax: 16.0
relative: false
scalingCount: 4
scaling0: 1.0
scaling1: 0.6862745
scaling2: 0.19607843
scaling3: 0.0
timelineCount: 4
timeline0: 0.0
timeline1: 0.5273973
timeline2: 0.74657536
timeline3: 1.0
- Velocity - 
active: true
lowMin: -300.0
lowMax: 200.0
highMin: 100.0
highMax: 250.0
relative: false
scalingCount: 3
scaling0: 0.74509805
scaling1: 0.88235295
scaling2: 0.11764706
timelineCount: 3
timeline0: 0.0
timeline1: 0.23972602
timeline2: 0.96575344
- Angle - 
active: true
lowMin: -120.0
lowMax: 120.0
highMin: 0.0
highMax: 360.0
relative: false
scalingCount: 4
scaling0: 0.37078652
scaling1: 0.4509804
scaling2: 0.54901963
scaling3: 0.4509804
timelineCount: 4
timeline0: 0.0
timeline1: 0.19863014
timeline2: 0.51369864
timeline3: 0.8356164
- Rotation - 
active: false
- Wind - 
active: false
- Gravity - 
active: false
- Tint - 
colorsCount: 12
colors0: 0.88235295
colors1: 0.0
colors2: 0.0
colors3: 1.0
colors4: 0.07450981
colors5: 0.07450981
colors6: 1.0
colors7: 0.047058824
colors8: 0.24705882
colors9: 0.75686276
colors10: 0.17254902
colors11: 1.0
timelineCount: 4
timeline0: 0.0
timeline1: 0.50949913
timeline2: 0.83246976
timeline3: 1.0
- Transparency - 
lowMin: 0.0
lowMax: 0.0
highMin: 1.0
highMax: 1.0
relative: false
scalingCount: 4
scaling0: 0.8245614
scaling1: 0.75438595
scaling2: 0.57894737
scaling3: 0.3859649
timelineCount: 4
timeline0: 0.0
timeline1: 0.29452056
timeline2: 0.760274
timeline3: 1.0
- Options - 
attached: false
continuous: false
aligned: false
additive: true
behind: false
premultipliedAlpha: false
- Image Path -
particle.png
